Start-Airport-ID,End-Airport-ID,Distance
3406,3121,1289.867020167645
3406,3373,1649.650108283753
3406,3035,2696.2539434233163
3406,4144,1176.7002567180652
3406,3316,3805.8845379156514
3406,4030,1895.6775109662346
3406,2337,1191.895494633413
3406,3390,584.7736857343846
3406,2276,676.8001661591188
3406,3383,817.8742603432172
3406,6357,1586.5841287389997
3035,3406,2696.2539434233163
3391,3370,1175.5994647125106
3391,6352,966.5598738103516
3391,3393,1416.9102595688012
3391,3371,852.0427193968771
3391,3395,1659.0559626963172
3391,6386,761.0684516414915
3391,3382,1924.6351654294233
3391,3394,1505.6844657727904
3391,3378,1736.2517529797453
3391,6347,993.4776874070234
3391,4302,974.6236102047
3391,4030,1869.4426317002994
3391,3374,1208.435773822847
3391,3390,570.5258284395957
3391,3399,3272.3027881918174
3391,3379,1229.1354816923854
3391,3383,804.1439647011954
3391,6355,1291.6481702292974
3391,9846,1444.3365303704463
4144,3386,1297.8745895944992
4144,4148,1234.6178874104492
4144,6400,2016.1175766586339
4144,3388,1174.6886943129207
4144,3406,1176.7002567180652
4144,6347,836.2452940438067
4144,3374,2296.9116277759754
4144,3379,1514.6229913641314
3316,3406,3805.8845379156514
6347,3370,1660.8126414753913
6347,3393,1206.217195518794
6347,3395,1304.2791055316134
6347,3404,599.099051971817
6347,6345,377.2568444866046
6347,3386,1038.4231560434775
6347,3382,1836.885900352259
6347,3372,1517.1974331115578
6347,3391,993.4776874070234
6347,4144,836.2452940438067
6347,3374,1741.2901431390612
6347,2276,1591.8877449440774
6347,3383,1561.4198570118115
4302,3391,974.6236102047
4030,3386,1731.8163808579234
4030,3406,1895.6775109662346
4030,3391,1869.4426317002994
3374,3386,1070.5068916047026
3374,3391,1208.435773822847
3374,4144,2296.9116277759754
3374,6347,1741.2901431390612
2337,3406,1191.895494633413
3390,3391,570.5258284395957
2276,3406,676.8001661591188
2276,6347,1591.8877449440774
3399,3391,3272.3027881918174
3399,3379,2105.2302923365405
3379,3391,1229.1354816923854
3379,4144,1514.6229913641314
3379,3399,2105.2302923365405
3383,3406,817.8742603432172
3383,3391,804.1439647011954
3383,6347,1561.4198570118115
6357,3406,1586.5841287389997
6355,3406,1316.0602176794832
6355,3391,1291.6481702292974
9846,3382,490.969687473234
9846,3391,1444.3365303704463
2072,999,2772.1898746840293
3682,4039,961.1177475273058
3682,3578,171.04906942778806
3682,4043,1117.5025620712536
3682,4285,585.066916326886
3682,3488,602.180338061706
3682,4018,563.5672313085337
3682,4041,819.1739918167127
3682,4008,492.60652165580984
3682,4034,246.59176868811144
3682,3544,1016.6389608197169
3682,4017,489.49751315777274
3682,4128,1100.8212965969376
3682,3858,1459.7181634135761
3682,4016,575.0018377151544
3682,3745,1277.6344808415668
3682,3676,245.00371703827477
3682,4356,946.5496164660098
4039,3682,961.1177475273058
3578,3682,171.04906942778806
4285,3682,585.066916326886
3488,3682,602.180338061706
3645,3861,1492.271886217002
4018,3682,563.5672313085337
4041,3682,819.1739918167127
3442,7018,74.85823450193043
4008,3682,492.60652165580984
4034,3682,246.59176868811144
3797,3861,1901.4897105100436
3544,3682,1016.6389608197169
4017,3682,489.49751315777274
3697,3861,1903.369925067016
4128,3682,1100.8212965969376
3542,3682,997.1336642038065
3473,3861,562.0414922694137
3858,3682,1459.7181634135761
3858,3861,1675.769333548071
3861,3645,1492.271886217002
3861,3797,1901.4897105100436
3861,3697,1903.369925067016
3861,3473,562.0414922694137
3861,3858,1675.769333548071
4016,3682,575.0018377151544
3745,3682,1277.6344808415668
7018,3442,74.85823450193043
3676,3682,245.00371703827477
4356,3682,946.5496164660098
3517,3448,146.29017491665675
3517,5737,88.28909701185394
3517,4278,49.78405328242067
3517,4265,48.81969774954868
3864,3448,232.9883020957106
3864,3546,257.23714918789483
3864,3724,253.18358320505106
3701,3448,238.44803494916223
2900,2890,312.13564272725284
4025,3448,315.2354435952504
4021,7070,322.06544505484214
4021,5739,304.72563331506365
4021,3604,317.7894837849405
4021,7071,339.6695171969871
4021,7065,392.85606922093086
3448,3517,146.29017491665675
3448,3864,232.9883020957106
3448,3701,238.44803494916223
3448,4025,315.2354435952504
3448,4278,97.76186031730796
3448,5749,175.62731851445432
3448,4265,112.73704380134103
3448,6456,72.27249537055468
3448,4026,243.73904237018834
3448,5767,204.51459731108238
3448,5770,342.6425138052046
5728,3678,183.30105587761577
6814,2890,74.9248753039597
2903,2890,153.88150341523
2903,2883,46.96042827830266
5737,3517,88.28909701185394
5737,3589,239.30372436036538
5737,4265,42.466772151378066
7070,4021,322.06544505484214
5739,4021,304.72563331506365
3589,4278,293.7123230523923
3589,5749,307.030589787146
3589,4265,261.19559361030576
3604,4021,317.7894837849405
4278,3517,49.78405328242067
4278,3448,97.76186031730796
5744,3678,239.28142200758083
5749,3448,175.62731851445432
5749,3589,307.030589787146
2888,2890,122.73655089725149
3546,3864,257.23714918789483
4265,3517,48.81969774954868
4265,3448,112.73704380134103
4265,5737,42.466772151378066
4265,3589,261.19559361030576
6825,3678,162.13596190706104
6079,2890,386.3399937017487
3724,3864,253.18358320505106
7071,4021,339.6695171969871
5758,3678,301.3572913494718
6456,3448,72.27249537055468
4026,3448,243.73904237018834
5767,3448,204.51459731108238
7065,4021,392.85606922093086
2890,2900,312.13564272725284
2890,6814,74.9248753039597
2890,2903,153.88150341523
2890,2888,122.73655089725149
2890,6079,386.3399937017487
2890,2883,109.10658420527982
2890,2884,151.33447965738597
2890,6080,166.06486988944295
2890,6788,70.94621674941286
5770,3448,342.6425138052046
3678,5728,183.30105587761577
3678,5744,239.28142200758083
3678,6825,162.13596190706104
3678,5758,301.3572913494718
3678,3665,190.9175459508705
3678,5774,150.51376198345326
2883,2903,46.96042827830266
2883,2890,109.10658420527982
2883,2884,73.03073855283472
2884,2890,151.33447965738597
2884,2883,73.03073855283472
2884,6788,80.49015738037538
3665,3678,190.9175459508705
5774,3678,150.51376198345326
6080,2890,166.06486988944295
6788,2890,70.94621674941286
6788,2884,80.49015738037538
30,119,38.35102930963712
30,156,172.41766489496376
48,156,755.808625519366
48,180,373.3174744377455
49,99,631.1465328649361
49,7266,680.6039391857364
49,168,562.5065240546884
49,178,245.99409218724088
78,156,257.97083219274754
78,172,385.56881817883306
85,178,363.0957602823789
87,172,492.3444249388141
99,49,631.1465328649361
99,7266,130.90112884857115
7266,49,680.6039391857364
7266,99,130.90112884857115
119,30,38.35102930963712
119,156,135.85522654890613
127,156,428.7055825521064
127,162,98.66510562557784
156,30,172.41766489496376
156,48,755.808625519366
156,78,257.97083219274754
156,119,135.85522654890613
156,127,428.7055825521064
156,162,341.77164180399336
162,127,98.66510562557784
162,156,341.77164180399336
168,49,562.5065240546884
168,172,288.8512088126256
168,180,309.41734493674085
172,78,385.56881817883306
172,87,492.3444249388141
172,168,288.8512088126256
172,173,389.0063728709399
172,178,661.7843568721994
172,179,309.7542756449286
172,180,550.1042212400974
173,172,389.0063728709399
178,49,245.99409218724088
178,85,363.0957602823789
178,172,661.7843568721994
179,172,309.7542756449286
180,48,373.3174744377455
180,168,309.41734493674085
180,172,550.1042212400974
8227,1957,6785.797988563242
1957,8227,6785.797988563242
1957,1852,416.8788392519686
1957,4024,179.50378489648378
1957,1819,403.5089873944226
1957,1774,233.52504199788896
1957,1772,235.6035941877509
1852,1957,416.8788392519686
4024,1957,179.50378489648378
1819,1957,403.5089873944226
1774,1957,233.52504199788896
1772,1957,235.6035941877509
5807,1754,121.78484586699439
5807,5809,13.762157981129802
1754,5807,121.78484586699439
5809,5807,13.762157981129802
6740,2750,401.5485935855427
2749,2743,94.10635633678807
2726,2709,447.504515551494
2726,2729,216.21792596367987
2752,2709,459.9248940288538
2709,2726,447.504515551494
2709,2752,459.9248940288538
2709,2712,330.14136186901294
2709,2717,530.0641083062034
2709,2729,232.5131298293464
2709,2719,380.1792298043297
2709,2725,579.2177855285508
2709,2732,579.4291923755458
2709,2738,754.7349149272658
2709,6054,698.3885574998375
2709,2742,506.920116356998
2709,2706,534.8508155867947
2709,7355,356.0294820011625
2709,2747,289.22632842401237
2709,2750,291.69894875452184
2709,2751,328.0219014877837
2709,2753,297.30442595658974
2709,7359,495.8799400396861
2709,2756,83.7550552961482
2711,2729,199.4404957306447
2712,2709,330.14136186901294
2715,2722,200.20008423720455
2715,2706,338.0688408289571
2715,2753,240.52250598771775
2717,2709,530.0641083062034
2729,2726,216.21792596367987
2729,2709,232.5131298293464
2729,2711,199.4404957306447
2729,6053,195.78178830160942
2729,2753,130.2729531138798
2719,2709,380.1792298043297
2722,2715,200.20008423720455
2725,2709,579.2177855285508
2728,6052,321.114298969705
6052,2728,321.114298969705
6051,2706,206.99898978893555
2732,2709,579.4291923755458
2732,2756,495.8883669626577
6053,2729,195.78178830160942
2738,2709,754.7349149272658
2738,2756,713.9050222140759
6054,2709,698.3885574998375
6054,2756,634.0639383895585
2742,2709,506.920116356998
2706,2709,534.8508155867947
2706,2715,338.0688408289571
2706,6051,206.99898978893555
2743,2749,94.10635633678807
7355,2709,356.0294820011625
7355,2751,56.703556855741006
2747,2709,289.22632842401237
2750,6740,401.5485935855427
2750,2709,291.69894875452184
2751,2709,328.0219014877837
2751,7355,56.703556855741006
2753,2709,297.30442595658974
2753,2715,240.52250598771775
2753,2729,130.2729531138798
7359,2709,495.8799400396861
2756,2709,83.7550552961482
2756,2732,495.8883669626577
2756,2738,713.9050222140759
2756,6054,634.0639383895585
2965,1735,945.5339508364658
3941,1735,1079.721933608314
1538,1735,1391.7905700671777
1367,1735,1996.9117212490664
4029,1735,1129.7988636047385
599,1735,2579.266993834622
1555,1735,1440.5419836931524
340,1735,1534.753919120729
1701,1735,661.764355205753
2939,1735,406.4232200140028
1735,2965,945.5339508364658
1735,3941,1079.721933608314
1735,1538,1391.7905700671777
1735,1367,1996.9117212490664
1735,4029,1129.7988636047385
1735,599,2579.266993834622
1735,1555,1440.5419836931524
1735,340,1534.753919120729
1735,1701,661.764355205753
1735,2939,406.4232200140028
1735,1197,1396.361746125264
1735,2948,1434.0180119405013
1735,1638,3197.6013700382587
1735,1524,1554.9684319162006
1735,1657,342.6303455988091
1735,2974,3223.323682714749
1735,548,2132.793171848614
1735,1551,1282.9103638401907
1735,1550,1396.8200355051645
1197,1735,1396.361746125264
2948,1735,1434.0180119405013
1638,1735,3197.6013700382587
1524,1735,1554.9684319162006
1657,1735,342.6303455988091
2974,1735,3223.323682714749
548,1735,2132.793171848614
1551,1735,1282.9103638401907
1550,1735,1396.8200355051645
2895,2851,391.3032045462437
2895,2848,285.4854037340476
2821,2851,257.70419173718085
2821,3576,2396.224226635759
2821,2850,119.43024011267275
2821,1871,1615.0654248546807
2821,2856,292.76344338210595
2821,2868,354.59941829262357
2822,2851,417.1915902489756
2851,2895,391.3032045462437
2851,2821,257.70419173718085
2851,2822,417.1915902489756
2851,2897,277.78356950672736
2851,2848,517.8236249362762
2851,2849,509.4646027591979
2851,2856,530.5646544393028
2851,2870,417.8243093718432
2897,2851,277.78356950672736
2848,2895,285.4854037340476
2848,2851,517.8236249362762
2848,2868,418.072415042206
3576,2821,2396.224226635759
2849,2851,509.4646027591979
2850,2821,119.43024011267275
2850,2851,332.12818624082865
1871,2821,1615.0654248546807
2856,2821,292.76344338210595
2856,2851,530.5646544393028
2868,2821,354.59941829262357
2868,2848,418.072415042206
2870,2851,417.8243093718432
3039,3043,446.2432222194501
3039,6173,272.60990956612335
2994,2179,1835.1687962499293
2994,2997,444.1601230984433
2994,3093,756.5199719142103
3081,3093,413.868826805034
2179,2994,1835.1687962499293
2179,3131,2723.1031722671523
2179,2997,1970.8835871464373
2179,3137,2690.451806716477
2179,3136,2795.136724043974
2179,3093,2277.3851885238923
2179,2064,537.3391861007134
2179,2176,850.401525965455
2179,3144,2965.9437184264566
2179,3153,2955.215819916908
2057,2997,2412.726774739835
3001,2997,363.0239139880337
2999,2997,572.5824736438443
3002,2997,657.6914732030857
3002,3093,587.4648217663182
3003,2997,304.5900690619845
3885,2997,3030.5837101258458
3885,3093,2948.465934515265
3131,2179,2723.1031722671523
3131,2997,834.1626560161055
3131,3043,1546.8398946011118
3131,3135,251.6007821878384
3131,3136,367.26066739303724
3131,3093,1710.0490222625483
3131,3007,482.9349060188483
3131,3008,1077.9563381958171
3131,3143,306.1537631615784
3131,3304,2883.6150838961103
3131,3144,267.75063708772876
3131,3017,722.6867080616062
3131,3153,531.34960763269
3131,3066,776.1978384436837
2997,2994,444.1601230984433
2997,2179,1970.8835871464373
2997,2057,2412.726774739835
2997,3001,363.0239139880337
2997,2999,572.5824736438443
2997,3002,657.6914732030857
2997,3003,304.5900690619845
2997,3885,3030.5837101258458
2997,3131,834.1626560161055
2997,302,6866.058468671784
2997,3137,944.1705522421906
2997,3043,1665.4900710722998
2997,3135,1001.7879421578439
2997,3024,1525.7845631149794
2997,3136,1063.8121181754059
2997,3076,1887.847596724608
2997,3093,1138.2300778632523
2997,5711,272.1259413280755
2997,2064,2498.909705070824
2997,2188,1926.1622120257405
2997,3007,424.8020548579013
2997,3077,4271.902212150282
2997,3008,505.95321844078535
2997,3089,1347.1843542076015
2997,3143,714.7521790279806
2997,2996,278.8566096097025
2997,3098,911.3284733460117
2997,3097,796.6387436087495
2997,2072,3518.8442575200247
2997,813,6963.998618341466
2997,3125,1592.3078768827365
2997,3304,3624.3709096937864
2997,2176,2758.334040198557
2997,507,7213.041153604433
2997,3105,1183.5833176033411
2997,3144,1033.4048097267857
2997,2194,1590.2509216422502
2997,3015,682.5927828012447
2997,4059,4532.996720698083
2997,2279,6786.190940336886
2997,3017,124.20083844294913
2997,3019,418.8175716717403
2997,3020,954.7004000278431
2997,2082,2770.378693982048
2997,3316,3921.81612715901
2997,3153,1257.706900354746
2997,3023,623.8771595835792
2997,3066,1103.0440191020475
302,2997,6866.058468671784
302,3093,6399.31431994456
302,3494,5907.224749105661
302,193,6044.398923582587
3137,2179,2690.451806716477
3137,2997,944.1705522421906
3043,3039,446.2432222194501
3043,3131,1546.8398946011118
3043,2997,1665.4900710722998
3043,3076,239.16604798226183
3043,3093,1312.6803767554131
3043,6173,498.31197722930733
3043,3038,316.5543967734848
3043,3040,447.88536381702437
3043,3063,328.1893171654427
3043,3055,525.0123447490075
3043,3146,1306.1476031806903
3043,3061,471.97604657308744
3043,3084,646.9221132415623
3043,3066,773.1049745372779
3135,3131,251.6007821878384
3135,2997,1001.7879421578439
3135,3144,403.8169696462432
3024,2997,1525.7845631149794
3136,2179,2795.136724043974
3136,3131,367.26066739303724
3136,2997,1063.8121181754059
3136,2064,3330.8378221274875
3136,3144,517.6618179843844
3136,2194,2434.3349628626625
3136,2191,2774.4263540539846
3076,2997,1887.847596724608
3076,3043,239.16604798226183
3076,3093,1425.409725019809
3092,3093,208.49430957535833
3093,2994,756.5199719142103
3093,3081,413.868826805034
3093,2179,2277.3851885238923
3093,3002,587.4648217663182
3093,3885,2948.465934515265
3093,3131,1710.0490222625483
3093,2997,1138.2300778632523
3093,302,6399.31431994456
3093,3043,1312.6803767554131
3093,3076,1425.409725019809
3093,3092,208.49430957535833
3093,2064,2696.9543761472332
3093,2188,2183.598610516523
3093,6173,1455.5105960843355
3093,6741,657.1636817900652
3093,3077,3746.397839721639
3093,3008,662.8577747048545
3093,3040,1125.1638104393953
3093,3089,236.2527886843493
3093,3100,507.04595670839615
3093,3104,620.7162109122825
3093,3063,1007.6660887844018
3093,3098,231.69865343848716
3093,3097,475.8086310781955
3093,3125,815.1651470484982
3093,3304,3876.9049235107323
3093,507,6731.287539011908
3093,3105,423.4749895638305
3093,3144,1760.8607762660774
3093,3061,856.7126564586819
3093,3017,1156.4652182773777
3093,3020,944.831134301559
3093,3316,4159.415259458577
3093,3112,642.0327561288774
3093,3023,542.5911084777684
3093,3084,667.0006011822823
3057,6173,373.3975268277669
5711,3018,167.31719910190535
2064,2179,537.3391861007134
2064,2997,2498.909705070824
2064,3136,3330.8378221274875
2064,3093,2696.9543761472332
2064,3153,3488.9972151515285
2188,2997,1926.1622120257405
2188,3093,2183.598610516523
2188,3143,2459.756995180367
3494,302,5907.224749105661
6173,3039,272.60990956612335
6173,3043,498.31197722930733
6173,3093,1455.5105960843355
6173,3057,373.3975268277669
6173,3050,276.1240903760281
6173,3055,192.71447158648593
3007,3131,482.9349060188483
3007,2997,424.8020548579013
3007,3144,733.074667256522
6741,3093,657.1636817900652
3077,2997,4271.902212150282
3077,3093,3746.397839721639
3008,3131,1077.9563381958171
3008,2997,505.95321844078535
3008,3093,662.8577747048545
3008,3017,500.18595962052854
3050,6173,276.1240903760281
3038,3043,316.5543967734848
3040,3043,447.88536381702437
3040,3093,1125.1638104393953
3089,2997,1347.1843542076015
3089,3093,236.2527886843493
3143,3131,306.1537631615784
3143,2997,714.7521790279806
3143,2188,2459.756995180367
3100,3093,507.04595670839615
3104,3093,620.7162109122825
3142,3144,417.4861271189685
3063,3043,328.1893171654427
3063,3093,1007.6660887844018
3055,3043,525.0123447490075
3055,6173,192.71447158648593
2996,2997,278.8566096097025
3146,3043,1306.1476031806903
3146,3144,1372.5703576389303
3098,2997,911.3284733460117
3098,3093,231.69865343848716
3097,2997,796.6387436087495
3097,3093,475.8086310781955
2072,2997,3518.8442575200247
813,2997,6963.998618341466
3125,2997,1592.3078768827365
3125,3093,815.1651470484982
3304,3131,2883.6150838961103
3304,2997,3624.3709096937864
3304,3093,3876.9049235107323
3304,3144,2628.689025841345
2176,2179,850.401525965455
2176,2997,2758.334040198557
507,2997,7213.041153604433
507,3093,6731.287539011908
3105,2997,1183.5833176033411
3105,3093,423.4749895638305
3144,2179,2965.9437184264566
3144,3131,267.75063708772876
3144,2997,1033.4048097267857
3144,3135,403.8169696462432
3144,3136,517.6618179843844
3144,3093,1760.8607762660774
3144,3007,733.074667256522
3144,3142,417.4861271189685
3144,3146,1372.5703576389303
3144,3304,2628.689025841345
3144,3316,2925.315484280152
3144,3152,293.95741714238363
2194,2997,1590.2509216422502
2194,3136,2434.3349628626625
2194,3153,2599.6358272306143
3015,2997,682.5927828012447
4059,2997,4532.996720698083
2279,2997,6786.190940336886
3061,3043,471.97604657308744
3061,3093,856.7126564586819
3018,2997,439.33822844181486
3017,3131,722.6867080616062
3017,2997,124.20083844294913
3017,3093,1156.4652182773777
3017,3008,500.18595962052854
3019,2997,418.8175716717403
3020,3002,509.97750014071056
3020,2997,954.7004000278431
3020,3093,944.831134301559
2082,2997,2770.378693982048
2191,3136,2774.4263540539846
3316,2997,3921.81612715901
3316,3093,4159.415259458577
3316,3144,2925.315484280152
3112,3093,642.0327561288774
3153,2179,2955.215819916908
3153,3131,531.34960763269
3153,2997,1257.706900354746
3153,2064,3488.9972151515285
3153,2194,2599.6358272306143
3152,3144,293.95741714238363
3023,2997,623.8771595835792
3023,3093,542.5911084777684
3084,3043,646.9221132415623
3084,3093,667.0006011822823
3066,3131,776.1978384436837
3066,2997,1103.0440191020475
3066,3043,773.1049745372779
193,302,6044.398923582587
3941,1480,358.56561825549244
1460,1486,279.6189965724274
1450,1486,364.2066286672106
1480,3941,358.56561825549244
1456,1486,392.4192517599567
1486,1460,279.6189965724274
1486,1450,364.2066286672106
1486,1456,392.4192517599567
1486,1476,463.18573491985853
1476,1486,463.18573491985853
1459,3941,399.5956791607874
1459,1461,21.384907489468713
1459,1472,138.34981803272672
737,1456,2528.30090798948
737,1486,2156.223758065564
3941,1459,399.5956791607874
3941,2179,3263.0887652482947
3941,1446,367.76440682354985
3941,1218,1904.507718887607
3941,1739,822.936231195399
3941,302,2101.4321469828296
3941,1489,1123.2295239969249
3941,1128,1107.1771556123354
3941,1382,2108.6522877807565
3941,1460,395.58991434386417
3941,1474,268.0148766055581
3941,4029,2206.3037095657796
3941,345,2003.424769350407
3941,1455,302.3298582660325
3941,1555,1086.282164052998
3941,340,1815.6380986749753
3941,1665,1731.2861242598267
3941,3410,941.538786349642
3941,1452,309.06864048046543
3941,2944,1478.6642737009072
3941,1451,333.82313566914394
3941,1701,537.5496746640442
3941,4191,212.9386532788418
3941,1450,197.31040687447444
3941,4192,285.7434681236437
3941,1468,135.50639651139826
3941,4194,157.51788760222112
3941,1475,143.18441256445237
3941,5787,105.38274471760336
3941,1479,218.42160617793647
3941,4190,262.76055482804884
3941,1458,305.7819845069692
3941,1454,202.29042298447754
3941,1462,336.04722861846705
3941,1197,930.2180895692843
3941,2948,2472.0497528112755
3941,507,2426.7664261240566
3941,1464,265.21861674198414
3941,1465,246.96250391451525
3941,1335,1780.4788609057255
3941,1229,2377.132784838005
3941,478,2636.6450930924702
3941,1469,262.38810970211864
3941,4193,145.64527351904616
3941,1353,1688.4696976267583
3941,346,1517.6783470548296
3941,1524,1520.349721959768
3941,1418,2316.5633229041205
3941,644,2635.016989076379
3941,1657,759.05710748822
3941,4195,144.93766260561077
3941,3752,8083.061185272153
3941,1587,1555.6295972425614
3941,1472,404.4834472444438
3941,1486,299.2347725672318
3941,1482,124.02039325892697
3941,1476,262.0797835406523
3941,1194,531.2427919669253
3941,3973,1837.1813009637879
3941,1190,529.2665240555431
3941,1590,1193.6798531355153
3941,351,1823.0802376611555
3941,1613,1278.894647042945
3941,679,1599.0641806330104
3941,1488,269.4921268713443
2179,3941,3263.0887652482947
1446,3941,367.76440682354985
1218,3941,1904.507718887607
1739,3941,822.936231195399
1264,1452,2428.486900991706
302,3941,2101.4321469828296
302,1452,2395.4347536913765
1489,3941,1123.2295239969249
1128,3941,1107.1771556123354
1382,3941,2108.6522877807565
1382,1452,2389.844459287264
1382,1472,2494.5244620496205
1382,1486,1859.6857408917022
1460,3941,395.58991434386417
1460,4029,2203.385089445183
1474,3941,268.0148766055581
1474,1486,564.1522802266162
609,1486,1840.914536739888
4029,3941,2206.3037095657796
4029,1460,2203.385089445183
4029,1452,2434.027522877948
4029,1458,2225.480734172884
4029,1472,2240.383069443831
4029,1486,1985.18186005051
345,3941,2003.424769350407
345,1452,2302.81867734676
345,1456,1986.887724640806
345,1486,1726.6366442596022
1455,3941,302.3298582660325
1555,3941,1086.282164052998
340,3941,1815.6380986749753
340,1452,2114.392206982374
340,1486,1540.6067407003047
1665,3941,1731.2861242598267
1665,1636,1308.609332731167
352,1486,1667.006298246801
3410,3941,941.538786349642
1452,3941,309.06864048046543
1452,1264,2428.486900991706
1452,302,2395.4347536913765
1452,1382,2389.844459287264
1452,4029,2434.027522877948
1452,345,2302.81867734676
1452,340,2114.392206982374
1452,2948,2744.610064191211
1452,1353,1930.333972750815
1452,346,1817.817353098513
1452,1472,287.3822151029797
1452,1486,607.6517325318016
1452,1590,970.8658741844463
1452,351,2131.953321473839
1452,1613,1587.297300059063
2944,3941,1478.6642737009072
1451,3941,333.82313566914394
1701,3941,537.5496746640442
4191,3941,212.9386532788418
1450,3941,197.31040687447444
4192,3941,285.7434681236437
4192,1458,23.193709501799194
4192,1464,27.60603521341362
1468,3941,135.50639651139826
4194,3941,157.51788760222112
1480,1461,76.84179288769023
1475,3941,143.18441256445237
5787,3941,105.38274471760336
1479,3941,218.42160617793647
4190,3941,262.76055482804884
4190,1464,77.14336344308194
1458,3941,305.7819845069692
1458,4029,2225.480734172884
1458,4192,23.193709501799194
1458,1472,98.7015902517695
1454,3941,202.29042298447754
1456,737,2528.30090798948
1456,345,1986.887724640806
1456,346,1505.233805966062
1461,1459,21.384907489468713
1461,1480,76.84179288769023
1462,3941,336.04722861846705
4196,1472,136.76828418303103
1197,3941,930.2180895692843
1197,1486,1126.8002115746472
2948,3941,2472.0497528112755
2948,1452,2744.610064191211
2948,1472,2606.07573188622
2948,1486,2202.793088710466
507,3941,2426.7664261240566
1464,3941,265.21861674198414
1464,4192,27.60603521341362
1464,4190,77.14336344308194
1465,3941,246.96250391451525
1335,3941,1780.4788609057255
1229,3941,2377.132784838005
478,3941,2636.6450930924702
1469,3941,262.38810970211864
1469,1486,349.99603490972817
4193,3941,145.64527351904616
1353,3941,1688.4696976267583
1353,1452,1930.333972750815
346,3941,1517.6783470548296
346,1452,1817.817353098513
346,1456,1505.233805966062
346,1486,1241.5400623507908
1524,3941,1520.349721959768
1418,3941,2316.5633229041205
347,1486,1364.6326759420572
644,3941,2635.016989076379
1657,3941,759.05710748822
4195,3941,144.93766260561077
3752,3941,8083.061185272153
1587,3941,1555.6295972425614
1472,1459,138.34981803272672
1472,3941,404.4834472444438
1472,1382,2494.5244620496205
1472,4029,2240.383069443831
1472,1452,287.3822151029797
1472,1458,98.7015902517695
1472,4196,136.76828418303103
1472,2948,2606.07573188622
1472,1486,638.2460155252533
1486,737,2156.223758065564
1486,3941,299.2347725672318
1486,1382,1859.6857408917022
1486,1474,564.1522802266162
1486,609,1840.914536739888
1486,4029,1985.18186005051
1486,345,1726.6366442596022
1486,340,1540.6067407003047
1486,352,1667.006298246801
1486,1452,607.6517325318016
1486,1197,1126.8002115746472
1486,2948,2202.793088710466
1486,1469,349.99603490972817
1486,346,1241.5400623507908
1486,347,1364.6326759420572
1486,1472,638.2460155252533
1486,350,1414.0073772439732
1482,3941,124.02039325892697
1476,3941,262.0797835406523
1194,3941,531.2427919669253
350,1486,1414.0073772439732
3973,3941,1837.1813009637879
1190,3941,529.2665240555431
1590,3941,1193.6798531355153
1590,1452,970.8658741844463
351,3941,1823.0802376611555
351,1452,2131.953321473839
1613,3941,1278.894647042945
1613,1452,1587.297300059063
679,3941,1599.0641806330104
1678,1638,1723.491524011228
1488,3941,269.4921268713443
2772,4247,464.10360437273266
2772,2768,117.38622223713445
2759,2769,319.09837991987195
2761,2769,593.1980903525382
6056,2769,446.9781843991917
2762,2764,426.15668454210953
2762,4247,552.5891356355556
2762,2769,397.97660546960003
2764,2762,426.15668454210953
6058,2769,440.50993743621206
4247,2772,464.10360437273266
4247,2762,552.5891356355556
4247,2769,381.4191863668119
2769,2759,319.09837991987195
2769,2761,593.1980903525382
2769,6056,446.9781843991917
2769,2762,397.97660546960003
2769,6058,440.50993743621206
2769,4247,381.4191863668119
2768,2772,117.38622223713445
1262,1285,152.5475242172265
1262,1386,523.9830190831443
1324,1278,793.5157854934467
1324,1285,561.8934887985043
1324,1268,851.7336365284523
580,1330,734.4066030490673
580,1435,465.67352487597583
1344,1386,426.10386521630517
1403,1335,779.6534740381396
1403,1354,1042.2396493575814
1321,1399,1015.2905381823751
1280,1665,676.0257512303431
1280,1399,862.6958013574898
1280,1335,580.3478763306654
1280,1354,704.7630373204078
1538,1335,504.4818851483303
1264,1555,1099.4138039055524
1264,1399,698.0878775414609
1264,1335,464.2943028674495
1264,1354,644.7738936076865
1264,1418,267.6020042045367
1264,1435,757.8288211673897
302,1335,577.2112799356375
302,1418,608.8862390829654
1278,1324,793.5157854934467
1278,1386,264.02006355777667
1330,580,734.4066030490673
1330,1335,148.48486362601255
1330,1354,397.6893506265739
1412,1335,565.3703020998864
1412,1354,848.5158651583066
1412,1386,212.58077989523812
1322,1418,967.1873109156683
1285,1262,152.5475242172265
1285,1324,561.8934887985043
1285,1386,574.5897327130231
345,1418,761.9261367421905
1320,1335,372.6740980052393
1320,1354,596.5704019232337
1555,1264,1099.4138039055524
1555,1335,721.2659900873712
1555,1435,831.4760695410075
1563,1335,528.1124910536005
1323,1399,1108.530576761384
1323,1418,1057.039747527385
687,1335,1415.1631924189348
1665,1280,676.0257512303431
1416,1386,428.98256936320985
1276,1386,643.4476072122502
1399,1321,1015.2905381823751
1399,1280,862.6958013574898
1399,1264,698.0878775414609
1399,1323,1108.530576761384
1399,1335,557.8577753737771
1399,1359,779.7464343326016
1399,1418,511.54910202354904
1399,1435,397.42182946474736
1399,1273,781.9457551575232
6493,1386,390.1420925867069
6493,1268,123.83610765336789
1409,1386,443.92825964935633
1335,1403,779.6534740381396
1335,1280,580.3478763306654
1335,1538,504.4818851483303
1335,1264,464.2943028674495
1335,302,577.2112799356375
1335,1330,148.48486362601255
1335,1412,565.3703020998864
1335,1320,372.6740980052393
1335,1555,721.2659900873712
1335,1563,528.1124910536005
1335,687,1415.1631924189348
1335,1399,557.8577753737771
1335,1359,254.83118020754588
1335,1353,254.4657746720573
1335,1524,283.509884415182
1335,1418,536.5841495445299
1335,1268,379.9669423505189
1335,1587,838.4844759101268
1335,1274,507.6994136322313
1335,1415,579.4725342838082
1335,1435,367.3016691748709
1335,1551,565.8395702325491
1359,1399,779.7464343326016
1359,1335,254.83118020754588
1359,1418,589.4803567135973
1359,1435,619.8384516678099
1353,1335,254.4657746720573
1353,1435,596.6154122671073
1353,1273,311.65743583938666
1524,1335,283.509884415182
1524,1418,810.145657595575
1354,1403,1042.2396493575814
1354,1280,704.7630373204078
1354,1264,644.7738936076865
1354,1330,397.6893506265739
1354,1412,848.5158651583066
1354,1320,596.5704019232337
1354,1415,848.1923173994414
1354,1273,470.80276024974097
1418,1264,267.6020042045367
1418,302,608.8862390829654
1418,1322,967.1873109156683
1418,345,761.9261367421905
1418,1323,1057.039747527385
1418,1399,511.54910202354904
1418,1335,536.5841495445299
1418,1359,589.4803567135973
1418,1524,810.145657595575
1418,1435,705.9833595567491
1418,1273,455.44766933159275
1386,1262,523.9830190831443
1386,1344,426.10386521630517
1386,1278,264.02006355777667
1386,1412,212.58077989523812
1386,1285,574.5897327130231
1386,1416,428.98256936320985
1386,1276,643.4476072122502
1386,6493,390.1420925867069
1386,1409,443.92825964935633
1386,1356,666.3595181823734
1386,1289,479.91884582454543
1386,1417,490.77600585780056
1356,1386,666.3595181823734
1268,1324,851.7336365284523
1268,6493,123.83610765336789
1268,1335,379.9669423505189
1587,1335,838.4844759101268
1274,1335,507.6994136322313
1289,1386,479.91884582454543
1415,1335,579.4725342838082
1415,1354,848.1923173994414
1415,1273,548.8704981017282
1435,580,465.67352487597583
1435,1264,757.8288211673897
1435,1555,831.4760695410075
1435,1399,397.42182946474736
1435,1335,367.3016691748709
1435,1359,619.8384516678099
1435,1353,596.6154122671073
1435,1418,705.9833595567491
1273,1399,781.9457551575232
1273,1353,311.65743583938666
1273,1354,470.80276024974097
1273,1418,455.44766933159275
1273,1415,548.8704981017282
1417,1386,490.77600585780056
1551,1335,565.8395702325491
1187,7450,259.66435026714424
7450,1187,259.66435026714424
580,3973,3219.9547545191053
3971,4029,1557.6980188362454
3971,3973,278.8601525167331
1382,3973,3366.279147261686
4029,3971,1557.6980188362454
3972,3973,212.15970472163298
3953,3973,2260.153089997944
3973,580,3219.9547545191053
3973,3971,278.8601525167331
3973,1382,3366.279147261686
3973,3953,2260.153089997944
3973,1590,1396.4740576174356
3973,1613,2332.569104793587
3973,2988,1645.6831240072154
1590,3973,1396.4740576174356
1613,3973,2332.569104793587
2988,3972,1538.6459704685615
2988,3973,1645.6831240072154
4355,3876,773.2773079467821
4355,3752,88.39380485296304
3718,3670,253.33231060911552
4019,3670,913.81269709174
4019,3484,1087.5728788572496
4019,3830,1795.9164060463795
4019,3462,527.7120106701451
532,507,647.0947460207134
248,507,5100.073940811433
3700,3670,144.08276189992228
3341,3320,1619.9388642366794
3341,3361,1164.1385192838295
3852,3670,457.2635486981026
1230,507,1675.8560299273577
3658,3876,225.49967774377177
3658,3520,753.0295420273413
1785,3670,1348.7488109015326
2006,3320,2295.4735574276224
2006,4075,4093.365250982427
2006,3361,2159.581136055986
3864,3876,1039.7527659954785
3864,3520,511.6523213411645
3864,3752,341.6749461562913
5718,3830,375.4166945468236
3840,3670,501.52486507011486
2170,3797,9214.762835929687
2170,3830,10013.757140727937
2170,146,8897.004878546371
580,507,370.4488239945042
580,3752,5997.050170701689
3774,3484,3770.80932372607
3774,3462,4101.428608962121
2874,3876,2762.853338206298
2874,3797,2855.4769507091664
2874,3576,2139.203439282725
2802,2789,765.5171949888031
737,507,1462.538078383681
3838,3830,991.2242834651022
3838,3752,462.6451868615807
3319,3361,2020.2130833636093
2699,3576,6179.12303312674
3941,507,2426.7664261240566
3941,3752,8083.061185272153
3682,3876,364.5670650210577
3682,3670,1174.531862987195
3682,507,6760.763837365915
3682,3576,959.0645112428238
3682,3830,976.3278391139327
3682,3752,1071.5929495599885
3682,3462,2549.081276512855
2895,3876,2754.414807470282
2895,3576,1828.1094636917528
2895,3752,3086.3424601953116
2179,3024,3300.1097243335435
2179,345,5026.281887878416
2179,3714,11386.790978568979
2179,2223,2059.201525641504
2179,3797,11031.397921294822
2179,2207,2089.6278084484798
2179,507,5516.66375905738
2179,2194,380.6524263288294
2179,3830,11687.893689530527
3673,3876,1659.0319759588672
3673,3670,306.3882648734582
3673,3797,2445.463358242975
3673,3484,1994.3477323783463
3673,507,7892.683328954675
3673,3861,713.29603166328
3673,3830,1574.5638259309578
3673,3752,2299.0974347959445
3673,3462,1400.906047376981
4007,3876,147.12535572206204
4286,3876,819.0004193331496
4286,3752,168.08383146844542
4039,3830,196.16095832371388
2057,507,5093.738851818934
1218,3797,6150.227177085769
1218,507,1147.712855034041
1218,3576,7544.851981769725
1218,3752,6299.912382824771
4069,3797,1226.7435038024269
4069,3576,1681.4672337766276
4069,3752,1262.0844454075104
3825,3876,1035.6947956825866
3825,3520,503.65020343841536
3825,3670,2363.1845464141243
3825,3484,4057.3313327474457
3825,3576,1925.7700756756335
3825,3830,1256.983284353667
3825,3752,314.6703367887143
3825,3570,651.4375681115974
3558,3462,683.0843479779182
2875,3576,2592.9791873695867
4129,3752,267.1206964659766
636,507,1042.1226941251093
3463,3520,948.3739218612136
3463,3752,760.4471802333378
467,507,503.03556071534194
3811,3876,563.7824748520053
3811,3520,1050.5908192802374
3811,3670,959.0496539365874
3811,3576,1065.349174765667
3811,3752,1241.3658974531807
1050,1084,180.17842014822085
1815,3670,1394.481556552987
3885,3304,1220.5693480548562
3885,2279,4648.996248750031
1538,507,1163.2357144644207
3131,507,8046.589775517985
4037,3670,1110.2373457731999
4037,3830,187.14665103160215
3690,3876,527.7906363483784
3690,3520,902.4839197656271
3690,3670,1014.1483139916047
3690,3797,1229.76124690041
3690,3484,2886.3192287624274
3690,3697,1227.67618679857
3690,3576,1299.4223634001987
3690,3830,659.4850272268527
3690,3752,1084.3003930553236
3320,3341,1619.9388642366794
3320,2006,2295.4735574276224
3320,3355,956.2102240023755
3320,3322,1391.1220248734105
3320,3999,2850.7387388707416
3320,3484,11533.395342163796
3320,3339,1380.854067613672
3320,3351,3607.549962409399
3320,3361,752.8217807125193
3320,3330,1112.2599829541261
2709,3670,3932.870999673649
2709,3576,2434.892134515501
3495,3462,1184.086627743674
2997,507,7213.041153604433
3448,3820,634.9360289769584
3448,3876,1170.6751257417918
3448,1852,2796.1801264596947
3448,3520,641.4730673639442
3448,3670,2509.2689069341154
3448,3797,300.1779770895026
3448,3484,4193.029087460071
3448,3697,296.69202298850905
3448,507,5239.649725139816
3448,1229,5474.383117560859
3448,3542,538.1629857228738
3448,3576,2028.2815456006035
3448,2279,10760.784960351984
3448,3830,1391.0783661952698
3448,3720,4072.319804493595
3448,3752,450.1419758792534
3448,3462,3693.7754228607205
3448,3570,796.562235265385
3448,3608,762.3184387655326
3448,3622,550.7438256849274
3448,3731,4155.895107149773
3448,3577,4005.5088367863214
3448,3745,424.7270694432098
3612,3670,435.01015713124036
3738,3670,778.1583461996269
302,507,350.43458818947124
302,3752,6035.513120613092
2531,3576,5807.664974984493
1423,507,719.6117216713399
3846,3876,1085.1726374913117
3846,3670,615.7433699179613
3711,3520,703.076247557769
3711,3752,539.607167240362
1489,507,1488.841042280174
3820,3448,634.9360289769584
3820,3876,879.9941840692654
3820,3520,476.3675459448475
3820,3830,759.6397059268627
3820,3752,448.46552436043424
3644,3720,1316.3981167635704
3644,3462,592.4092464472837
3644,3577,1509.6356800786314
3849,3876,580.7082393882482
3849,3670,1954.7685615996322
3849,3797,295.3609446285798
3849,507,5833.379795176228
3849,3576,1525.9431300874246
3849,3830,997.9705636638168
3849,3752,144.85222684607004
3849,3462,3209.7370739482844
1957,3876,2096.033564121938
1957,3670,1918.1948709605285
1957,3576,1235.6947247630064
3561,3876,142.71243290512135
3561,3520,657.0549912001445
3561,3670,1480.4705208931894
3561,3752,841.2433642596621
4112,3876,635.5446781845761
4112,3520,440.26406107843593
4112,3752,537.7062336876907
3355,3320,956.2102240023755
3355,3339,469.59333978157906
3355,3361,236.17677168617462
2851,3670,3944.9700548798646
2851,3797,3405.8886724037798
2851,3576,2193.2856923508716
2851,2890,877.819237227974
1382,3876,6701.083401942246
1382,3670,7944.0567505003955
1382,3797,5833.649760536496
1382,3304,10441.963098312197
1382,507,347.16747852512856
1382,3576,7371.4719943748605
1382,3830,6664.207971559513
1382,3752,5984.133551626773
3578,3876,387.97498996627905
3578,3520,840.2055686152858
3578,3670,1116.2345489587244
3578,3830,806.9152558495176
2009,3361,2125.9644792199547
4015,3876,393.7545698948188
4015,3697,490.50777972962646
4015,3830,909.9735026163238
4015,3752,337.8492081245411
3806,3876,270.5509331637968
3806,3520,715.0292423481815
3806,3670,1585.2263806343794
3806,3576,790.4555385968475
3806,3752,886.1042894797829
4043,3670,1104.0856563273826
4043,3830,314.98944438184833
3486,3876,693.6656666196309
3486,3670,1641.7331101153006
3486,3797,682.2070027191423
3486,3576,1742.6046650423905
3486,3830,506.5652998653377
3486,3752,583.1229272295409
3715,3670,264.45767193997904
2715,3576,2509.0271092080384
3876,4355,773.2773079467821
3876,3658,225.49967774377177
3876,3864,1039.7527659954785
3876,2874,2762.853338206298
3876,3682,364.5670650210577
3876,2895,2754.414807470282
3876,3673,1659.0319759588672
3876,4007,147.12535572206204
3876,4286,819.0004193331496
3876,3825,1035.6947956825866
3876,3811,563.7824748520053
3876,3690,527.7906363483784
3876,3448,1170.6751257417918
3876,3846,1085.1726374913117
3876,3820,879.9941840692654
3876,3849,580.7082393882482
3876,1957,2096.033564121938
3876,3561,142.71243290512135
3876,4112,635.5446781845761
3876,1382,6701.083401942246
3876,3578,387.97498996627905
3876,4015,393.7545698948188
3876,3806,270.5509331637968
3876,3486,693.6656666196309
3876,3759,558.9280831808298
3876,4285,356.0104787072725
3876,1852,1679.4602502189437
3876,3488,539.1946917771504
3876,1800,1735.2287185992766
3876,3950,671.0485689641059
3876,3627,595.859561222991
3876,3520,532.6366790406834
3876,3751,2148.202090678053
3876,3670,1503.2069293785448
3876,3729,1310.6761104860125
3876,3645,805.6961397417942
3876,599,5973.231680492425
3876,3730,354.9512457020719
3876,3494,850.2863949538688
3876,5738,189.2798465021627
3876,1555,7725.792649297118
3876,3533,1019.2738141151635
3876,3879,159.69830437551278
3876,1948,985.9396299456934
3876,340,7059.467883331318
3876,1926,1770.8254569676672
3876,3472,626.7333074956307
3876,4038,928.1619704183255
3876,2564,7464.410691157092
3876,4008,133.8479886885742
3876,4034,121.40195868796256
3876,8314,333.20322448327846
3876,3589,907.074179869834
3876,4113,535.4677454854099
3876,5742,378.89362567686914
3876,3714,517.371064721726
3876,3550,1466.896704903281
3876,3845,296.94307100939454
3876,3585,688.060502220261
3876,3580,903.393598949336
3876,3712,529.4142210239278
3876,3797,870.5292109233397
3876,3877,3076.587695800183
3876,3484,3412.5341856716677
3876,4017,453.07058390890074
3876,3697,874.9278460998838
3876,507,6409.144888420779
3876,1881,2777.013873061303
3876,3660,1028.7670516905866
3876,5753,282.1141496020441
3876,1780,1881.9467120509382
3876,3458,1298.9442874071083
3876,3878,755.2029149067863
3876,3542,664.4772797173632
3876,3473,821.4779072830878
3876,1824,2498.583530566313
3876,4115,598.9125601184201
3876,4011,1185.9877370258798
3876,3576,1049.4002851037628
3876,3717,1047.7823784721309
3876,3671,791.2302148525255
3876,3782,846.2239125963212
3876,3858,1496.073198891554
3876,3861,1047.2193499352472
